-0.786304 0.260072 2.34189
-1.89106 -0.638298 2.51388
-2.18003 -0.391676 2.39087
-1.88098 0.389841 2.50123
-2.0738 -0.203852 2.2717
-2.51383 -0.237124 2.63262
0.586862 -0.45892 2.71718
-3.76779 0.347693 2.24277
-1.10217 0.214222 2.49707
-1.08583 0.187174 2.44111
0.0895543 -0.492483 2.47948
0.00829297 -0.592262 2.65091
1.48367 -0.0158445 2.56725
1.3716 0.424677 2.73462
1.29708 0.308116 2.56998
1.21594 0.30717 2.54829
0.411099 0.216004 2.55044
0.400943 0.167421 2.64095
1.52165 0.112115 2.63359
-0.982362 0.0275922 2.51085
0.65459 0.198664 2.58029
1.68362 -0.936825 3.12461
1.26897 -0.710754 2.4908
1.22551 -0.718463 2.54801
1.21836 -0.807198 2.53439
-2.12279 1.42784 2.29639
0.0336156 -0.740539 2.58881
0.630959 0.208263 2.59328
0.533574 0.120571 2.43472
-1.54445 -3.91748 6.25304
-1.13143 -0.344535 2.27418
-1.20996 -0.838064 2.45521
-1.92656 -1.13227 2.5987
-2.28685 -0.886633 2.41291
-0.942593 -0.35308 2.387
-2.52111 -0.125393 2.01522
-3.46694 -0.532677 2.14314
-4.38664 -0.0316464 2.27182
-3.98162 -0.0639363 2.64082
-2.76921 -1.31955 2.19571
-2.50225 -1.05106 2.14882
-2.72979 -0.860238 2.16705
-0.214619 0.344374 2.61415
-0.828124 0.145206 2.46635
-0.867771 0.435288 2.55543
-1.91842 1.31579 2.18745
-0.345525 1.16735 2.13726
-0.118423 1.13196 2.00444
-2.44432 0.255824 2.44219
-3.64425 0.217219 1.94823
-3.66294 0.0937499 1.91136
1.55648 -0.0313352 0.758917
1.68686 -0.373083 1.62002
1.74977 -0.792908 1.61755
1.50707 -0.119016 0.642342
0.18383 -1.19495 2.54525
0.348872 -1.10433 2.35114
0.508068 -0.455923 2.30888
0.45723 -0.573637 2.71197
1.32037 -0.0180762 2.86206
1.65155 -0.016277 2.71183
1.43696 -0.713833 2.64698
1.81583 -0.878038 2.94155
0.935704 0.599773 3.88765
1.41797 0.116101 2.16998
1.16883 0.388207 2.72236
1.38984 1.361 2.66265
1.52398 -0.000847365 0.828171
0.193893 -2.56037 2.57079
1.77046 -0.790504 1.96593
0.711385 -0.105556 2.58722
-1.0707 1.2801 2.4467
-4.60233 -1.8731 2.69348
-3.18562 -0.747891 2.23562
-4.14605 -2.56445 4.28103
-1.82802 0.230854 2.43208
0.0812405 -0.75986 2.76069
1.34256 -0.848714 2.65602
-2.19791 -0.385476 2.30219
1.385 0.113452 2.49103
-1.12568 1.20444 1.86446
-4.40683 -0.959021 2.7211
-3.8287 -0.813362 2.2754
0.175627 -0.769543 2.5561
0.149328 -0.750616 2.40579
1.37843 1.39118 2.68301
0.758109 0.0139482 2.44455
-2.10825 0.288785 2.50096
-0.0471493 0.0937014 2.39479
-0.79035 1.18508 1.98098
-2.62609 0.349454 2.33497
-0.474272 -3.12595 5.57073
-1.95125 -0.666519 2.37578
-1.79093 -0.948599 2.43129
-0.881203 -0.203869 2.54008
-1.26287 -0.831023 2.40179
0.0626903 -0.776262 2.4093
0.971166 -0.756744 2.505
-2.47306 -0.892956 2.22564
-0.294424 -0.314309 2.55623
1.43815 -0.315597 2.4526
-0.000829803 0.159823 2.75675
0.00876012 0.239816 2.4047
0.371441 0.44145 2.45183
-0.206413 -0.627366 2.3225
-0.527022 -0.167288 2.36425
-0.594674 -0.208379 2.47772
-0.0405241 -0.445169 2.50105
-2.8322 -0.473997 2.5341
-3.33914 -0.381347 2.44194
-2.7011 -0.855698 2.41767
-1.34647 0.100325 2.42317
-1.31615 0.0638933 2.46229
-1.04249 0.098587 2.24301
-1.12849 0.0240831 2.42536
1.16799 1.38249 2.62118
1.43638 -0.413202 2.45131
1.37 -0.494015 2.56509
1.36166 -0.249567 2.62789
0.334826 -0.963729 2.2579
0.129638 -0.94131 2.33105
1.53832 -0.122011 0.566061
-3.37294 0.266997 2.28577
-3.75033 0.282067 1.81664
-1.37867 1.33672 2.25008
-1.8537 0.430126 2.6042
-1.65986 0.341967 2.34934
-0.882433 -0.558428 2.65451
-0.806741 -0.578726 2.42915
-3.17459 -0.72104 2.12079
-2.3895 -0.0665814 2.13533
1.82933 -0.674008 1.7482
0.039158 1.39966 2.36617
-2.84491 0.232159 2.02606
0.740675 -0.757505 2.50231
-0.621819 -2.84129 4.85008
-2.14544 -0.522246 2.51272
-2.0088 -0.463072 2.20109
-0.413006 -2.84869 4.84696
-0.405097 -2.94288 4.75428
-1.45463 -0.700269 2.17817
-1.62901 -0.777733 2.35306
1.44676 -0.0118131 0.835984
0.963531 -0.382739 2.46145
1.00333 -0.47836 2.61218
-2.4448 -0.800103 2.3352
-0.734558 0.290699 2.57291
-3.52493 0.166332 1.70948
-4.24334 0.094235 2.07622
-0.825979 1.44936 2.33228
-0.867689 1.421 2.28279
-2.73089 -1.2499 2.34692
1.48101 -1.1214 2.68584
0.312731 1.26937 2.31871
-2.29697 -0.0927237 2.18008
-1.77578 -0.267177 2.29844
-2.12831 0.270401 2.36334
-1.60858 0.0547255 2.42315
-0.0329491 -0.622516 2.4763
-0.0243043 -0.734724 2.5525
1.00588 0.0662044 2.64494
1.33588 0.154506 2.57799
1.58428 0.174252 2.74588
1.18121 0.0209635 2.7234
0.164794 1.46148 2.64317
1.03269 -0.338924 2.42589
-1.49167 0.148678 2.26313
-2.54573 -0.306056 2.33794
-0.861159 -0.790921 2.33367
1.58182 -0.494784 2.54387
1.71932 -0.511944 2.82599
-2.36255 0.186682 2.11318
1.2242 -0.844203 2.82311
-2.3407 1.41325 2.40272
-0.705173 0.411634 2.43992
0.623696 0.0215301 2.88449
-1.27468 -0.0417349 2.4056
-2.0024 -0.113791 2.19659
-2.5163 -0.0924019 2.63604
-1.74759 -0.937806 2.50769
0.184807 -0.988085 2.80155
0.13772 -0.987992 2.60931
0.485464 -0.525644 2.77558
-1.92359 1.23652 1.84943
-0.893639 0.091235 2.60551
-0.997571 0.244629 2.38519
-2.72429 -0.809984 2.163
-3.02027 -1.1648 2.38272
-0.0319981 -0.516228 2.47584
-3.86457 -2.40713 3.79199
0.385861 0.312905 2.54437
0.437472 0.242042 2.55494
1.48836 0.346468 2.29578
1.67473 0.305342 2.61672
1.60508 0.32214 2.71737
-0.360734 -0.170481 2.42892
-0.431218 -0.137458 2.41314
-1.02339 -0.131158 2.3638
-1.02232 -0.1694 2.21646
-1.07886 -0.204717 2.36012
-1.3235 0.175978 2.47681
-3.8855 -0.975878 2.4131
-1.75586 1.46029 2.22737
1.33234 0.453747 2.64066
1.23933 0.417887 2.59778
1.55958 -0.18006 0.846456
1.6033 -0.217002 0.815903
-1.14183 -0.159592 2.29648
-1.21539 -0.21391 2.44513
1.59007 0.0396042 2.46527
1.41 0.245355 2.3032
1.63892 0.199299 2.5602
-0.870737 0.161744 2.43422
1.30765 -0.0745508 2.52546
-1.11423 1.30563 2.15189
-0.0669364 0.228719 2.5686
-0.0940947 0.117863 2.39553
1.31507 0.340734 2.48061
1.45723 0.278825 2.54335
-0.201314 1.25 2.11106
-1.76227 -0.0654139 2.36122
1.25795 0.124303 2.4712
1.18244 -0.938352 2.45886
-1.67544 -0.767824 2.27376
-1.85204 -0.840048 2.3337
1.40986 -0.0966778 0.814419
1.52306 -0.14504 0.886326
-1.72756 1.36059 2.28191
-1.73677 1.32835 2.21778
1.0043 -0.380425 2.42454
1.19998 -0.536894 2.74449
-2.05286 -0.0411562 2.35621
-1.33497 1.40837 2.36577
-0.308557 -0.146875 2.60501
-0.337998 -0.154927 2.44031
-0.330478 -0.230699 2.57334
-2.53625 -0.21642 2.40761
-2.29833 -0.267791 2.29749
0.163126 0.442754 2.60588
0.162367 0.375885 2.48834
-1.56954 1.37515 2.22089
-1.68901 1.37814 2.40651
-0.246998 1.31252 2.20991
